# List of weird numbers and test tags

tests_n_glitches <- c(
  "70727598596F0001",
  "41B27598596F0001",
  "09EBC199F0870001",
  "12F27598596F0001",
  "740A7598596F0001",
  "21F27598596F0001",
  "52727598596F0001",
  "4.02E+13",
  "06955C8A14C000CA",
  "1.01E+13",
  "1.22E+12",
  "8.81E+13",
  "573275800D7C040C",
  "3B80A2C5CD580000",
  "01E4C48A36E02079",
  "06E4C6C5CD7C040F",
  "1.10E+14",
  "50C05405857C0007",
  "0313F40000000004",
  "2.4228E+14",
  "00CA444440F01018",
  "0021000008008040",
  "0011021000000000",
  "0409200000000081",
  "9CE5E36006F01039",
  "0200006E60000000",
  "0440840000000000",
  "4.4084E+12",
  "98084008200000",
  "00C8100124800810",
  "8.08002E+15",
  "8.8108E+15",
  "8.00081E+13",
  "4E+14",
  "2.2042E+15",
  "000A4C183C010001",
  "4.41E+12",
  "1.8E+13",
  "2.402E+13",
  "1.001E+14",
  "4.0004E+14",
  "5.04E+14",
  "2.2042E+14",
  "802B004848000002",
  "F2B27598596F000157327598596F0001",
  "70727598596F000170727598596F0001",
  "70727598596F0001",
 "41B27598596F0001",
 "09EBC199F0870001",
 "12F27598596F0001",
 "740A7598596F0001",
 "21F27598596F0001",
 "52727598596F0001",
 "4.02E+13",
 "06955C8A14C000CA",
 "1.01E+13",
 "1.22E+12",
 "8.81E+13",
 "573275800D7C040C",
 "3B80A2C5CD580000",
 "01E4C48A36E02079",
 "06E4C6C5CD7C040F",
 "1.10E+14",
 "50C05405857C0007",
 "0313F40000000004",
 "2.4228E+14",
 "00CA444440F01018",
 "0021000008008040",
 "0011021000000000",
 "0409200000000081",
 "9CE5E36006F01039",
 "0200006E60000000",
 "0440840000000000",
 "98084008200000",
 "00C8100124800810",
 "4.4084E+12",
 "8.08002E+15",
 "8.8108E+15",
 "8.00081E+13",
 "4E+14",
 "2.2042E+15",
 "000A4C183C010001",
 "4.41E+12",
 "1.8E+13",
 "2.402E+13",
 "1.001E+14",
 "4.0004E+14",
 "5.04E+14",
 "2.2042E+14",
 "802B004848000002",
 "70727598596F0001",
"41B27598596F0001",
"09EBC199F0870001",
"12F27598596F0001",
"740A7598596F0001",
"21F27598596F0001",
"52727598596F0001",
"4.02E+13",
"06955C8A14C000CA",
"1.01E+13",
"1.22E+12",
"8.81E+13",
"573275800D7C040C",
"3B80A2C5CD580000",
"01E4C48A36E02079",
"06E4C6C5CD7C040F",
"1.10E+14",
"50C05405857C0007",
"0313F40000000004",
"2.4228E+14",
"00CA444440F01018",
"0021000008008040",
"0011021000000000",
"0409200000000081",
"9CE5E36006F01039",
"0200006E60000000",
"0440840000000000",
"98084008200000",
"00C8100124800810",
"4.4084E+12",
"8.08002E+15",
"8.8108E+15",
"8.00081E+13",
"4E+14",
"2.2042E+15",
"000A4C183C010001",
"4.41E+12",
  "70727598596F0001",
"41B27598596F0001",
"09EBC199F0870001",
"12F27598596F0001",
"740A7598596F0001",
"4.02E+13",
"06955C8A14C000CA",
"1.01E+13",
"1.22E+12",
"8.81E+13",
"573275800D7C040C",
"3B80A2C5CD580000",
"01E4C48A36E02079",
"06E4C6C5CD7C040F",
"1.10E+14",
"50C05405857C0007",
"0313F40000000004",
"2.4228E+14",
"00CA444440F01018"
)


